% -------------------------------------------------------------------
%  Generated by MATLAB on 8-Dec-2023 19:11:22
%  MATLAB version: 23.2.0.2365128 (R2023b)
% -------------------------------------------------------------------
                                                

DataNamesAllSessions = cell(93, 1);
DataNamesAllSessions{1,1} = ['20230109T141535.A_Curius.B_None.SCP_01.tr' ...
                             'iallog.v017.mat'];
DataNamesAllSessions{2,1} = ['20230110T132359.A_Curius.B_None.SCP_01.tr' ...
                             'iallog.v017.mat'];
DataNamesAllSessions{3,1} = ['20230111T131129.A_Curius.B_SM.SCP_01.tria' ...
                             'llog.v017.mat'];
DataNamesAllSessions{4,1} = ['20230112T161349.A_Curius.B_SM.SCP_01.tria' ...
                             'llog.v017.mat'];
DataNamesAllSessions{5,1} = ['20230113T140510.A_Curius.B_SM.SCP_01.tria' ...
                             'llog.v017.mat'];
DataNamesAllSessions{6,1} = ['20230116T141053.A_Curius.B_None.SCP_01.tr' ...
                             'iallog.v017.mat'];
DataNamesAllSessions{7,1} = ['20230117T103549.A_Curius.B_SM.SCP_01.tria' ...
                             'llog.v017.mat'];
DataNamesAllSessions{8,1} = ['20230118T140327.A_Curius.B_SM.SCP_01.tria' ...
                             'llog.v017.mat'];
DataNamesAllSessions{9,1} = ['20230119T133357.A_Curius.B_SM.SCP_01.tria' ...
                             'llog.v017.mat'];
DataNamesAllSessions{10,1} = ['20230120T140302.A_Curius.B_SM.SCP_01.tri' ...
                              'allog.v017.mat'];
DataNamesAllSessions{11,1} = ['20230123T141322.A_Curius.B_None.SCP_01.t' ...
                              'riallog.v017.mat'];
DataNamesAllSessions{12,1} = ['20230124T135836.A_Curius.B_None.SCP_01.t' ...
                              'riallog.v017.mat'];
DataNamesAllSessions{13,1} = ['20230125T140428.A_Curius.B_SM.SCP_01.tri' ...
                              'allog.v017.mat'];
DataNamesAllSessions{14,1} = ['20230126T134311.A_Curius.B_SM.SCP_01.tri' ...
                              'allog.v017.mat'];
DataNamesAllSessions{15,1} = ['20230131T132353.A_Curius.B_None.SCP_01.t' ...
                              'riallog.v017.mat'];
DataNamesAllSessions{16,1} = ['20230201T133358.A_Curius.B_None.SCP_01.t' ...
                              'riallog.v017.mat'];
DataNamesAllSessions{17,1} = ['20230202T131425.A_Curius.B_SM.SCP_01.tri' ...
                              'allog.v017.mat'];
DataNamesAllSessions{18,1} = ['20230203T095550.A_Curius.B_SM.SCP_01.tri' ...
                              'allog.v017.mat'];
DataNamesAllSessions{19,1} = ['20230206T143652.A_Curius.B_None.SCP_01.t' ...
                              'riallog.v017.mat'];
DataNamesAllSessions{20,1} = ['20230207T134628.A_Curius.B_SM.SCP_01.tri' ...
                              'allog.v017.mat'];
DataNamesAllSessions{21,1} = ['20230208T133605.A_Curius.B_SM.SCP_01.tri' ...
                              'allog.v017.mat'];
DataNamesAllSessions{22,1} = ['20230209T122309.A_Curius.B_SM.SCP_01.tri' ...
                              'allog.v017.mat'];
DataNamesAllSessions{23,1} = ['20230210T121325.A_Curius.B_SM.SCP_01.tri' ...
                              'allog.v017.mat'];
DataNamesAllSessions{24,1} = ['20230213T140027.A_Curius.B_None.SCP_01.t' ...
                              'riallog.v017.mat'];
DataNamesAllSessions{25,1} = ['20230214T132754.A_Curius.B_SM.SCP_01.tri' ...
                              'allog.v017.mat'];
DataNamesAllSessions{26,1} = ['20230215T130443.A_Curius.B_SM.SCP_01.tri' ...
                              'allog.v017.mat'];
DataNamesAllSessions{27,1} = ['20230216T134530.A_Curius.B_SM.SCP_01.tri' ...
                              'allog.v017.mat'];
DataNamesAllSessions{28,1} = ['20230217T130748.A_Curius.B_SM.SCP_01.tri' ...
                              'allog.v017.mat'];
DataNamesAllSessions{29,1} = ['20230220T141343.A_Curius.B_None.SCP_01.t' ...
                              'riallog.v017.mat'];
DataNamesAllSessions{30,1} = ['20230221T141334.A_Curius.B_SM.SCP_01.tri' ...
                              'allog.v017.mat'];
DataNamesAllSessions{31,1} = ['20230222T142148.A_Curius.B_AE.SCP_01.tri' ...
                              'allog.v017.mat'];
DataNamesAllSessions{32,1} = ['20230223T124927.A_Curius.B_AE.SCP_01.tri' ...
                              'allog.v017.mat'];
DataNamesAllSessions{33,1} = ['20230227T141637.A_Curius.B_None.SCP_01.t' ...
                              'riallog.v017.mat'];
DataNamesAllSessions{34,1} = ['20230228T133106.A_Curius.B_AE.SCP_01.tri' ...
                              'allog.v017.mat'];
DataNamesAllSessions{35,1} = ['20230301T124322.A_Curius.B_AE.SCP_01.tri' ...
                              'allog.v017.mat'];
DataNamesAllSessions{36,1} = ['20230302T125022.A_Curius.B_AE.SCP_01.tri' ...
                              'allog.v017.mat'];
DataNamesAllSessions{37,1} = ['20230327T145940.A_Curius.B_None.SCP_01.t' ...
                              'riallog.v017.mat'];
DataNamesAllSessions{38,1} = ['20230328T133350.A_Curius.B_None.SCP_01.t' ...
                              'riallog.v017.mat'];
DataNamesAllSessions{39,1} = ['20230329T155746.A_Curius.B_None.SCP_01.t' ...
                              'riallog.v017.mat'];
DataNamesAllSessions{40,1} = ['20230330T133602.A_Curius.B_AE.SCP_01.tri' ...
                              'allog.v017.mat'];
DataNamesAllSessions{41,1} = ['20230331T131059.A_Curius.B_AE.SCP_01.tri' ...
                              'allog.v017.mat'];
DataNamesAllSessions{42,1} = ['20230403T155747.A_Curius.B_None.SCP_01.t' ...
                              'riallog.v017.mat'];
DataNamesAllSessions{43,1} = ['20230404T150951.A_Curius.B_AE.SCP_01.tri' ...
                              'allog.v017.mat'];
DataNamesAllSessions{44,1} = ['20230405T145014.A_Curius.B_AE.SCP_01.tri' ...
                              'allog.v017.mat'];
DataNamesAllSessions{45,1} = ['20230406T152452.A_Curius.B_AE.SCP_01.tri' ...
                              'allog.v017.mat'];
DataNamesAllSessions{46,1} = ['20230411T152554.A_Curius.B_None.SCP_01.t' ...
                              'riallog.v017.mat'];
DataNamesAllSessions{47,1} = ['20230412T143018.A_Curius.B_AE.SCP_01.tri' ...
                              'allog.v017.mat'];
DataNamesAllSessions{48,1} = ['20230413T142422.A_Curius.B_AE.SCP_01.tri' ...
                              'allog.v017.mat'];
DataNamesAllSessions{49,1} = ['20230417T102048.A_Curius.B_None.SCP_01.t' ...
                              'riallog.v017.mat'];
DataNamesAllSessions{50,1} = ['20230418T130456.A_Curius.B_None.SCP_01.t' ...
                              'riallog.v017.mat'];
DataNamesAllSessions{51,1} = ['20230502T132118.A_Curius.B_None.SCP_01.t' ...
                              'riallog.v017.mat'];
DataNamesAllSessions{52,1} = ['20230503T134214.A_Curius.B_SM.SCP_01.tri' ...
                              'allog.v017.mat'];
DataNamesAllSessions{53,1} = ['20230504T131733.A_Curius.B_AE.SCP_01.tri' ...
                              'allog.v017.mat'];
DataNamesAllSessions{54,1} = ['20230505T123505.A_Curius.B_AE.SCP_01.tri' ...
                              'allog.v017.mat'];
DataNamesAllSessions{55,1} = ['20230508T104331.A_Curius.B_None.SCP_01.t' ...
                              'riallog.v017.mat'];
DataNamesAllSessions{56,1} = ['20230509T130346.A_Curius.B_SM.SCP_01.tri' ...
                              'allog.v017.mat'];
DataNamesAllSessions{57,1} = ['20230510T144106.A_Curius.B_SM.SCP_01.tri' ...
                              'allog.v017.mat'];
DataNamesAllSessions{58,1} = ['20230511T142916.A_Curius.B_SM.SCP_01.tri' ...
                              'allog.v017.mat'];
DataNamesAllSessions{59,1} = ['20230512T125943.A_Curius.B_SM.SCP_01.tri' ...
                              'allog.v017.mat'];
DataNamesAllSessions{60,1} = ['20230515T134959.A_Curius.B_None.SCP_01.t' ...
                              'riallog.v017.mat'];
