% -------------------------------------------------------------------
%  Generated by MATLAB on 25-Sep-2023 14:17:25
%  MATLAB version: 9.13.0.2080170 (R2022b) Update 1
% -------------------------------------------------------------------
                                                        

Elmo2021DataNamesAllSessions = {'20210104T152937.A_Elmo.B_None.SCP_01.triallog.v017.mat'

  '20210105T143559.A_Elmo.B_None.SCP_01.triallog.v017.mat'

  '20210106T131823.A_Elmo.B_None.SCP_01.triallog.v017.mat'

  '20210111T174536.A_Elmo.B_None.SCP_01.triallog.v017.mat'

  '20210112T165333.A_Elmo.B_None.SCP_01.triallog.v017.mat'

  '20210113T153833.A_Elmo.B_None.SCP_01.triallog.v017.mat'

  '20210114T133521.A_Elmo.B_None.SCP_01.triallog.v017.mat'

  '20210115T160445.A_Elmo.B_None.SCP_01.triallog.v017.mat'

  '20210118T153309.A_Elmo.B_None.SCP_01.triallog.v017.mat'

  '20210119T110839.A_Elmo.B_FS.SCP_01.triallog.v017.mat'

  '20210120T112418.A_Elmo.B_FS.SCP_01.triallog.v017.mat'

  '20210121T115414.A_Elmo.B_FS.SCP_01.triallog.v017.mat'

  '20210122T125644.A_Elmo.B_FS.SCP_01.triallog.v017.mat'

  '20210125T152032.A_Elmo.B_None.SCP_01.triallog.v017.mat'

  '20210126T132146.A_Elmo.B_FS.SCP_01.triallog.v017.mat'

  '20210127T130717.A_Elmo.B_FS.SCP_01.triallog.v017.mat'

  '20210128T144911.A_Elmo.B_None.SCP_01.triallog.v017.mat'

  '20210129T150949.A_Elmo.B_FS.SCP_01.triallog.v017.mat'

  '20210201T154108.A_Elmo.B_None.SCP_01.triallog.v017.mat'

  '20210202T154700.A_Elmo.B_DL.SCP_01.triallog.v017.mat'

  '20210203T151622.A_Elmo.B_DL.SCP_01.triallog.v017.mat'

  '20210204T131620.A_Elmo.B_DL.SCP_01.triallog.v017.mat'

  '20210205T151709.A_Elmo.B_DL.SCP_01.triallog.v017.mat'

  '20210210T132306.A_Elmo.B_None.SCP_01.triallog.v017.mat'

  '20210211T163501.A_Elmo.B_DL.SCP_01.triallog.v017.mat'

  '20210212T153711.A_Elmo.B_DL.SCP_01.triallog.v017.mat'

  '20210215T165242.A_Elmo.B_None.SCP_01.triallog.v017.mat'

  '20210216T154538.A_Elmo.B_FS.SCP_01.triallog.v017.mat'

  '20210218T131636.A_Elmo.B_FS.SCP_01.triallog.v017.mat'

  '20210219T145809.A_Elmo.B_DL.SCP_01.triallog.v017.mat'

  '20210308T133811.A_Elmo.B_None.SCP_01.triallog.v017.mat'

  '20210309T141316.A_Elmo.B_None.SCP_01.triallog.v017.mat'

  '20210310T144154.A_Elmo.B_None.SCP_01.triallog.v017.mat'

  '20210315T133647.A_Elmo.B_None.SCP_01.triallog.v017.mat'

  '20210316T134225.A_Elmo.B_FS.SCP_01.triallog.v017.mat'

  '20210317T140755.A_Elmo.B_FS.SCP_01.triallog.v017.mat'

  '20210318T131335.A_Elmo.B_FS.SCP_01.triallog.v017.mat'

  '20210319T132345.A_Elmo.B_FS.SCP_01.triallog.v017.mat'

  '20210322T130602.A_Elmo.B_None.SCP_01.triallog.v017.mat'

  '20210323T115744.A_Elmo.B_KN.SCP_01.triallog.v017.mat'

  '20210324T130947.A_Elmo.B_KN.SCP_01.triallog.v017.mat'

  '20210325T135520.A_Elmo.B_KN.SCP_01.triallog.v017.mat'

  '20210326T110743.A_Elmo.B_KN.SCP_01.triallog.v017.mat'

  '20210329T135616.A_Elmo.B_KN.SCP_01.triallog.v017.mat'

  '20210330T112447.A_Elmo.B_KN.SCP_01.triallog.v017.mat'

  '20210331T130804.A_Elmo.B_KN.SCP_01.triallog.v017.mat'

  '20210401T124246.A_Elmo.B_KN.SCP_01.triallog.v017.mat'

  '20210412T135839.A_Elmo.B_None.SCP_01.triallog.v017.mat'

  '20210413T134518.A_Elmo.B_None.SCP_01.triallog.v017.mat'

  '20210414T112607.A_Elmo.B_None.SCP_01.triallog.v017.mat'

  '20210415T112453.A_Elmo.B_KN.SCP_01.triallog.v017.mat'

  '20210416T105525.A_Elmo.B_KN.SCP_01.triallog.v017.mat'

  '20210419T115716.A_Elmo.B_None.SCP_01.triallog.v017.mat'

  '20210420T112012.A_Elmo.B_None.SCP_01.triallog.v017.mat'

  '20210421T105506.A_Elmo.B_KN.SCP_01.triallog.v017.mat'

  '20210422T131844.A_Elmo.B_KN.SCP_01.triallog.v017.mat'

  '20210423T105645.A_Elmo.B_KN.SCP_01.triallog.v017.mat'

  '20210426T142220.A_Elmo.B_None.SCP_01.triallog.v017.mat'

  '20210427T123629.A_Elmo.B_None.SCP_01.triallog.v017.mat'

  '20210510T131306.A_Elmo.B_None.SCP_01.triallog.v017.mat'

  '20210511T134430.A_Elmo.B_None.SCP_01.triallog.v017.mat'

  '20210512T130625.A_Elmo.B_None.SCP_01.triallog.v017.mat'

  '20210517T134819.A_Elmo.B_None.SCP_01.triallog.v017.mat'

  '20210518T112610.A_Elmo.B_None.SCP_01.triallog.v017.mat'

  '20210519T112804.A_Elmo.B_KN.SCP_01.triallog.v017.mat'

  '20210520T120659.A_Elmo.B_KN.SCP_01.triallog.v017.mat'

  '20210521T102025.A_Elmo.B_KN.SCP_01.triallog.v017.mat'

  '20210531T114349.A_Elmo.B_None.SCP_01.triallog.v017.mat'

  '20210601T132521.A_Elmo.B_None.SCP_01.triallog.v017.mat'

  '20210602T142430.A_Elmo.B_None.SCP_01.triallog.v017.mat'

  '20210603T142941.A_Elmo.B_KN.SCP_01.triallog.v017.mat'

  '20210604T143542.A_Elmo.B_KN.SCP_01.triallog.v017.mat'

  '20210607T145308.A_Elmo.B_None.SCP_01.triallog.v017.mat'

  '20210608T131158.A_Elmo.B_KN.SCP_01.triallog.v017.mat'

  '20210609T134704.A_Elmo.B_KN.SCP_01.triallog.v017.mat'

  '20210610T132106.A_Elmo.B_ST.SCP_01.triallog.v017.mat'

  '20210611T135443.A_Elmo.B_KN.SCP_01.triallog.v017.mat'

  '20210614T145725.A_Elmo.B_None.SCP_01.triallog.v017.mat'

  '20210615T142149.A_Elmo.B_None.SCP_01.triallog.v017.mat'

  '20210616T124854.A_Elmo.B_ST.SCP_01.triallog.v017.mat'

  '20210617T125407.A_Elmo.B_ST.SCP_01.triallog.v017.mat'

  '20210618T123111.A_Elmo.B_ST.SCP_01.triallog.v017.mat'

  '20210621T135338.A_Elmo.B_None.SCP_01.triallog.v017.mat'

  '20210622T132359.A_Elmo.B_ST.SCP_01.triallog.v017.mat'

  '20210623T140144.A_Elmo.B_ST.SCP_01.triallog.v017.mat'

  '20210624T130705.A_Elmo.B_KN.SCP_01.triallog.v017.mat'

  '20210625T141512.A_Elmo.B_KN.SCP_01.triallog.v017.mat'

  '20210628T163835.A_Elmo.B_None.SCP_01.triallog.v017.mat'

  '20210629T140737.A_Elmo.B_None.SCP_01.triallog.v017.mat'

  '20210630T142442.A_Elmo.B_None.SCP_01.triallog.v017.mat'


  '20210705T143410.A_Elmo.B_None.SCP_01.triallog.v017.mat'

  '20210706T143643.A_Elmo.B_KN.SCP_01.triallog.v017.mat'

  '20210707T125533.A_Elmo.B_ST.SCP_01.triallog.v017.mat'

  '20210708T131736.A_Elmo.B_KN.SCP_01.triallog.v017.mat'

  '20210709T103307.A_Elmo.B_ST.SCP_01.triallog.v017.mat'

  '20210712T160242.A_Elmo.B_None.SCP_01.triallog.v017.mat'

  '20210713T142241.A_Elmo.B_None.SCP_01.triallog.v017.mat'

  '20210714T160304.A_Elmo.B_None.SCP_01.triallog.v017.mat'

  
  '20210726T153117.A_Elmo.B_None.SCP_01.triallog.v017.mat'

  '20210823T161205.A_Elmo.B_None.SCP_01.triallog.v017.mat'

  '20210824T131612.A_Elmo.B_KN.SCP_01.triallog.v017.mat'

  '20210827T123607.A_Elmo.B_KN.SCP_01.triallog.v017.mat'

  '20210828T135335.A_Elmo.B_KN.SCP_01.triallog.v017.mat'

  '20210829T141506.A_KN.B_Elmo.SCP_01.triallog.v017.mat'

  '20210830T173626.A_SM.B_Elmo.SCP_01.triallog.v017.mat'

  '20210927T121120.A_Elmo.B_None.SCP_01.triallog.v017.mat'

  '20210928T123529.A_Elmo.B_None.SCP_01.triallog.v017.mat'

  '20210929T113942.A_Elmo.B_None.SCP_01.triallog.v017.mat'

  '20210930T111013.A_Elmo.B_None.SCP_01.triallog.v017.mat'

  '20211001T105553.A_Elmo.B_None.SCP_01.triallog.v017.mat'

  '20211004T131300.A_Elmo.B_None.SCP_01.triallog.v017.mat'

  '20211005T140803.A_Elmo.B_None.SCP_01.triallog.v017.mat'

  '20211006T143535.A_Elmo.B_None.SCP_01.triallog.v017.mat'

  
  '20211026T150111.A_Elmo.B_None.SCP_01.triallog.v017.mat'

  '20211118T122629.A_Elmo.B_None.SCP_01.triallog.v017.mat'}

